N_HIDDEN: 20 
N_HIDDEN_LAYER: 12 
EPOCH: 1000 
LR: 0.0001 
LOSS: [5188.35498046875, 5943.4677734375, 7426.65283203125, 6215.62353515625] 
time: 2022-01-28 22:20:53.230112 

