Time: 2022-09-26 11:32:45.048533 
N_HIDDEN_LAYER: 8 
N_HIDDEN: 64 
EPOCH: 10000 
LR: 0.1 
BATCH_SIZE: 64
STEP:100
GAMMA:0.1
DROPOUT:0.2
First Train LOSS: 178.43592834472656 
First Valid LOSS: 181.3103790283203 
Last Train LOSS: 0.19655737280845642 
Last Valid LOSS: 0.28266122937202454 

Time: 2022-09-26 11:37:52.214397 
N_HIDDEN_LAYER: 8 
N_HIDDEN: 80 
EPOCH: 10000 
LR: 0.1 
BATCH_SIZE: 64
STEP:100
GAMMA:0.1
DROPOUT:0.2
First Train LOSS: 83.6803207397461 
First Valid LOSS: 83.85450744628906 
Last Train LOSS: 0.111217200756073 
Last Valid LOSS: 0.18208728730678558 

